[0.45       0.43958333 0.42916667 0.41875    0.40833333 0.39791667
 0.3875     0.37708333 0.36666667 0.35625    0.34583333 0.33541667
 0.325      0.31458333 0.30416667 0.29375    0.28333333 0.27291667
 0.2625     0.25208333 0.24166667 0.23125    0.22083333 0.21041667
 0.2       ]
[0.10764, 0.09488, 0.11506, 0.11356000000000001, 0.10321999999999999, 0.11826, 0.11282, 0.12404000000000003, 0.13978000000000004, 0.15164000000000002, 0.14166000000000004, 0.15666000000000002, 0.1522, 0.20890000000000003, 0.26224000000000003, 0.35602, 0.6211800000000001, 0.74986, 0.9169200000000001, 0.96472, 0.9960399999999999, 0.993, 0.99672, 0.9979600000000001, 0.99926]
[0.10727999999999997, 0.10668, 0.1286933333333333, 0.13335999999999998, 0.13888, 0.15389333333333333, 0.16863999999999998, 0.17779999999999999, 0.1999333333333333, 0.22296, 0.23094666666666666, 0.26958666666666664, 0.28774666666666665, 0.32513333333333333, 0.3884666666666666, 0.45949333333333336, 0.62364, 0.7353599999999999, 0.8796266666666666, 0.9449466666666667, 0.9934933333333333, 0.98892, 0.9948666666666666, 0.9969733333333334, 0.9990133333333333]
[0.02922476 0.03236825 0.03805977 0.04663691 0.04589005 0.05054754
 0.06012465 0.07126935 0.0731088  0.07425752 0.09714599 0.1197005
 0.13366807 0.22398635 0.2746385  0.44700373 0.6582599  1.
 0.38293867 0.17714738 0.02630399 0.06938193 0.02267547 0.01485691
 0.00518835]
